t:
 [[0.11533615 0.53729823 0.13738315 0.20998247]
 [0.17078984 0.42066788 0.26877423 0.13976805]
 [0.07970305 0.62368116 0.12408059 0.1725352 ]
 [0.4275189  0.0790821  0.26996843 0.22343057]
 [0.45535818 0.06917312 0.25182517 0.22364353]
 [0.44810667 0.07430696 0.26172189 0.21586448]
 [0.22325309 0.28864781 0.23316907 0.25493002]
 [0.21237152 0.32439981 0.20005226 0.26317641]
 [0.20593678 0.31991416 0.22305799 0.25109107]]
L:
 -336.0565276804308
mah_pen:
 [[ 6.48831489  2.54002926  4.87280231  5.41859485]
 [ 9.30187597  6.62817535  7.12933304  9.83140121]
 [ 9.1585942   4.17305032  7.00768024  7.74263336]
 [11.80583794 14.30998079 11.45955782 13.23225969]
 [12.12717594 15.02523891 12.04620745 13.67786394]
 [10.42470813 13.14748049 10.23453882 12.01409527]
 [ 9.833095    8.44841159  8.48051245  9.69635509]
 [10.90896794  9.19080788  9.76281805 10.60861927]
 [10.93981285  9.18796499  9.51442074 10.6719461 ]]
mah_pen1:
 [[ 79.84930989   7.44904023  89.69300888  26.22366365]
 [  1.7100503    2.32165562   0.79667715   3.81445807]
 [ 16.01621852   5.44784041   4.54861737  16.84143613]
 [  7.61657143  60.36853743 123.82055626  12.39203612]
 [  1.70615189   8.39190362   0.47155997   3.21192154]
 [  6.66696711   9.05143065   3.10600243  14.87141431]
 [ 65.90135944  22.41603338  18.71603263  69.29685272]
 [  0.72526431   5.74840606  11.79042703   1.17999307]
 [ 21.88705229 107.65397544   6.04931937  41.20353831]]
K_pen:
 [[74.06325147 70.98584677 73.71340592 72.86490528]
 [76.87681255 75.07399286 75.96993664 77.27771165]
 [76.73353079 72.61886783 75.84828384 75.18894379]
 [79.38077453 82.7557983  80.30016143 80.67857012]
 [79.70211252 83.47105642 80.88681105 81.12417438]
 [77.99964472 81.593298   79.07514242 79.4604057 ]
 [77.40803158 76.8942291  77.32111606 77.14266552]
 [78.48390452 77.63662538 78.60342165 78.0549297 ]
 [78.51474944 77.6337825  78.35502435 78.11825653]]
