model:
 AKBKQKDK
modely:
 EII
K:
 4
d:
 [2 2 2 2]
a:
 [[11085.44154937 11085.44154937]
 [10956.42424679 10956.42424679]
 [12260.74847937 12260.74847937]
 [11266.92675522 11266.92675522]]
b:
 [295.67740355 340.59389914 349.10731574 285.7864225 ]
mu:
 [[ 4.50055703 13.79723066 43.22418736 49.68850611 17.69740625  1.10044638
  34.79154449]
 [ 4.17127104 13.21768109 42.57463567 68.2116507  10.74604379  1.38696604
  28.19697838]
 [ 3.48629781 14.36311398 42.23209942 52.87620903 16.99669487  1.23595836
  32.76278402]
 [ 4.10447004 12.89819651 42.70931204 55.02085191 15.44312672  0.71329201
  33.94799927]]
prop:
 [0.26344007 0.23990269 0.23440224 0.262255  ]
ev:
 [[1.20792052e+04 1.00916779e+04 1.22992794e+03 1.83934660e+02
  3.83423949e+01 1.92144530e+01 6.96756635e+00]
 [1.35887526e+04 8.32409593e+03 1.52795881e+03 1.23346705e+02
  2.89576646e+01 1.36443757e+01 9.06193736e+00]
 [1.32093539e+04 1.13121430e+04 1.56753299e+03 1.26321901e+02
  3.64679649e+01 9.72371024e+00 5.49001500e+00]
 [1.13640578e+04 1.11697957e+04 1.18813535e+03 1.79861851e+02
  3.38163176e+01 1.81840413e+01 8.93455023e+00]]
Q:
 {'0': array([[ 0.02497029,  0.03330785,  0.21336843],
       [ 0.0678186 ,  0.04970991,  0.33408383],
       [-0.30054122,  0.06523744, -0.10463081],
       [ 0.35292734,  0.23444682, -0.02091417],
       [-0.18514175, -0.06675277,  0.04565495],
       [-0.01041464,  0.02382226,  0.07515458],
       [ 0.37488121, -0.24828411,  0.06404146]]), '1': array([[ 0.02225737, -0.00377715,  0.20306307],
       [ 0.00950442,  0.0501082 ,  0.34652012],
       [ 0.05654153, -0.28764573, -0.10862673],
       [ 0.25285298,  0.33726703,  0.02455275],
       [-0.08168056, -0.18176378,  0.03327151],
       [ 0.00366405, -0.01375174,  0.07336735],
       [-0.24074423,  0.39072777,  0.06733684]]), '2': array([[ 0.02463516, -0.03296198,  0.20336953],
       [ 0.06767801, -0.01843355,  0.3270796 ],
       [-0.19596587, -0.20083033, -0.09388598],
       [ 0.41506544, -0.014728  , -0.02355213],
       [-0.18483654, -0.03065703,  0.05833421],
       [ 0.00868486, -0.02610278,  0.0743974 ],
       [ 0.18728337,  0.4165388 ,  0.09588442]]), '3': array([[ 2.90582095e-02,  1.39887656e-02,  2.11037459e-01],
       [ 4.14191774e-02,  5.42533884e-02,  3.39697930e-01],
       [-3.62806961e-02, -3.06059441e-01, -9.97796949e-02],
       [ 3.42913403e-01,  2.49483532e-01,  5.06135558e-05],
       [-1.28704673e-01, -1.50061168e-01,  3.80010744e-02],
       [ 9.42510652e-03, -1.46221104e-02,  7.82730476e-02],
       [-1.08060501e-01,  4.39150120e-01,  4.87055450e-02]])}
fpcaobj:
 {'0': {'valeurs_propres': array([1.20792052e+04, 1.00916779e+04, 1.22992794e+03, 1.83934660e+02,
       6.96756635e+00, 1.92144530e+01, 3.83423949e+01]), 'cov': array([[  983.20828726,   708.699011  ,   669.94391255,  1168.37670322,
         -276.14197136,   111.97137956,   -59.55588411],
       [  708.699011  ,  2058.24333772,  1728.79476259,  -141.88578012,
          650.98614205, -1720.95363958, -2867.1798231 ],
       [  669.94391255,  1728.79476259,  4308.23436247,  3574.69216442,
        -1249.633982  , -1238.79303809, -2121.03321904],
       [ 1168.37670322,  -141.88578012,  3574.69216442,  6661.07064665,
        -3096.96161304,  1583.629973  ,  2151.49274094],
       [ -276.14197136,   650.98614205, -1249.633982  , -3096.96161304,
         1714.96864828, -1074.07068769, -1658.24320609],
       [  111.97137956, -1720.95363958, -1238.79303809,  1583.629973  ,
        -1074.07068769,  2375.54672821,  3587.65136216],
       [  -59.55588411, -2867.1798231 , -2121.03321904,  2151.49274094,
        -1658.24320609,  3587.65136216,  5547.99810588]]), 'U': array([[ 0.02497029,  0.03330785,  0.21336843, -0.14494702, -0.21586691,
        -0.53333721,  0.14457396],
       [ 0.0678186 ,  0.04970991,  0.33408383, -0.12419293,  0.28451337,
         0.51037674, -0.1267694 ],
       [-0.30054122,  0.06523744, -0.10463081,  0.32259994, -0.35482428,
        -0.31407045, -0.14245344],
       [ 0.35292734,  0.23444682, -0.02091417, -0.15641134,  0.33880048,
         0.07711325,  0.01586175],
       [-0.18514175, -0.06675277,  0.04565495,  0.16803469, -0.56536573,
         0.13752428,  0.2163978 ],
       [-0.01041464,  0.02382226,  0.07515458,  0.16040163,  0.64514558,
        -0.17843004,  0.10726662],
       [ 0.37488121, -0.24828411,  0.06404146,  0.14378767, -0.37857126,
         0.05559432, -0.21645632]])}, '1': {'valeurs_propres': array([1.35887526e+04, 8.32409593e+03, 1.52795881e+03, 1.23346705e+02,
       2.89576646e+01, 1.36443757e+01, 9.06193736e+00]), 'cov': array([[  974.47386623,   835.86402391,   402.08796811,   608.76977811,
           34.14618627,   -80.83698636,  -314.53058617],
       [  835.86402391,  1727.0610491 ,  1759.47956839,   454.77503861,
          236.81273959, -1465.34048901, -2378.46371957],
       [  402.08796811,  1759.47956839,  5975.737541  ,  4763.65001955,
        -2099.51245534, -2123.2905576 , -3097.45118711],
       [  608.76977811,   454.77503861,  4763.65001955,  6129.87703918,
        -2950.91192544,    91.06799278,   180.1562472 ],
       [   34.14618627,   236.81273959, -2099.51245534, -2950.91192544,
         1633.31064575,  -234.17013387,  -496.76830631],
       [  -80.83698636, -1465.34048901, -2123.2905576 ,    91.06799278,
         -234.17013387,  2251.68069242,  3285.63909604],
       [ -314.53058617, -2378.46371957, -3097.45118711,   180.1562472 ,
         -496.76830631,  3285.63909604,  4923.6771556 ]]), 'U': array([[ 0.02225737, -0.00377715,  0.20306307, -0.21594166, -0.33420022,
         0.40923667,  0.22951661],
       [ 0.00950442,  0.0501082 ,  0.34652012, -0.06043663,  0.33017421,
        -0.48313067, -0.15115849],
       [ 0.05654153, -0.28764573, -0.10862673,  0.27802508, -0.03307097,
         0.52747908,  0.00837826],
       [ 0.25285298,  0.33726703,  0.02455275, -0.1109281 ,  0.05478387,
        -0.32063517,  0.17032028],
       [-0.08168056, -0.18176378,  0.03327151,  0.09801344, -0.22335588,
         0.29000459, -0.51963338],
       [ 0.00366405, -0.01375174,  0.07336735,  0.21990103, -0.10663673,
        -0.38834375,  0.52486671],
       [-0.24074423,  0.39072777,  0.06733684,  0.08448977,  0.15939974,
         0.33309185, -0.24811326]])}, '2': {'valeurs_propres': array([1.32093539e+04, 1.13121430e+04, 1.56753299e+03, 1.26321901e+02,
       3.64679649e+01, 9.72371024e+00, 5.49001500e+00]), 'cov': array([[ 1166.6031252 ,  1118.73828161,   899.79767437,  1074.40281526,
          -65.91291571,  -114.27484182,  -480.52451729],
       [ 1118.73828161,  2223.94162599,  1812.63882161,   132.32923828,
          451.7657464 , -1730.28618646, -2923.11315184],
       [  899.79767437,  1812.63882161,  5180.02433717,  4726.61637903,
        -1849.18477038, -1072.84212011, -1990.98590448],
       [ 1074.40281526,   132.32923828,  4726.61637903,  7638.66772297,
        -3324.80660226,  1709.05717765,  2154.99572871],
       [  -65.91291571,   451.7657464 , -1849.18477038, -3324.80660226,
         1693.13388617,  -921.89525933, -1370.43838864],
       [ -114.27484182, -1730.28618646, -1072.84212011,  1709.05717765,
         -921.89525933,  2551.78178614,  3795.06846534],
       [ -480.52451729, -2923.11315184, -1990.98590448,  2154.99572871,
        -1370.43838864,  3795.06846534,  5812.88105381]]), 'U': array([[ 0.02463516, -0.03296198,  0.20336953, -0.06204693, -0.36013364,
        -0.45135383, -0.19974611],
       [ 0.06767801, -0.01843355,  0.3270796 , -0.22266427,  0.2983938 ,
         0.38409683,  0.30587464],
       [-0.19596587, -0.20083033, -0.09388598,  0.34527451,  0.03216068,
        -0.25252656, -0.42762636],
       [ 0.41506544, -0.014728  , -0.02355213, -0.15319922,  0.03354472,
         0.02039318,  0.35685667],
       [-0.18483654, -0.03065703,  0.05833421,  0.1250411 , -0.218171  ,
         0.27792915, -0.52483047],
       [ 0.00868486, -0.02610278,  0.0743974 ,  0.25307835, -0.02700685,
        -0.17546898,  0.62429957],
       [ 0.18728337,  0.4165388 ,  0.09588442,  0.03837163,  0.17437815,
         0.02838541, -0.4120171 ]])}, '3': {'valeurs_propres': array([1.13640578e+04, 1.11697957e+04, 1.18813535e+03, 1.79861851e+02,
       3.38163176e+01, 1.81840413e+01, 8.93455023e+00]), 'cov': array([[ 8.45591413e+02,  5.63604235e+02,  4.64312279e+02,
         9.20082678e+02, -2.12342755e+02,  1.22824870e+02,
         5.28534205e+00],
       [ 5.63604235e+02,  1.84681465e+03,  1.70312703e+03,
        -1.00441190e+02,  5.49924077e+02, -1.67567672e+03,
        -2.72542884e+03],
       [ 4.64312279e+02,  1.70312703e+03,  5.02973691e+03,
         4.03393399e+03, -1.54463160e+03, -1.60972970e+03,
        -2.53988564e+03],
       [ 9.20082678e+02, -1.00441190e+02,  4.03393399e+03,
         6.64827124e+03, -3.14044939e+03,  1.13519258e+03,
         1.58757694e+03],
       [-2.12342755e+02,  5.49924077e+02, -1.54463160e+03,
        -3.14044939e+03,  1.72051695e+03, -8.30504646e+02,
        -1.31789125e+03],
       [ 1.22824870e+02, -1.67567672e+03, -1.60972970e+03,
         1.13519258e+03, -8.30504646e+02,  2.40838473e+03,
         3.58765815e+03],
       [ 5.28534205e+00, -2.72542884e+03, -2.53988564e+03,
         1.58757694e+03, -1.31789125e+03,  3.58765815e+03,
         5.46346973e+03]]), 'U': array([[ 2.90582095e-02,  1.39887656e-02,  2.11037459e-01,
        -1.72476889e-01,  1.47581547e-01,  5.53983978e-01,
        -1.27332948e-01],
       [ 4.14191774e-02,  5.42533884e-02,  3.39697930e-01,
        -1.00214496e-01, -1.37667040e-01, -5.48822936e-01,
         2.03355974e-01],
       [-3.62806961e-02, -3.06059441e-01, -9.97796949e-02,
         3.10733451e-01, -1.21577073e-01,  3.73778481e-01,
        -3.13753894e-01],
       [ 3.42913403e-01,  2.49483532e-01,  5.06135558e-05,
        -1.43753829e-01, -1.01372894e-03, -1.32749960e-01,
         3.27549027e-01],
       [-1.28704673e-01, -1.50061168e-01,  3.80010744e-02,
         1.50489190e-01,  2.39594357e-01, -4.76291070e-02,
        -5.75833714e-01],
       [ 9.42510652e-03, -1.46221104e-02,  7.82730476e-02,
         1.66388026e-01,  9.31976513e-02,  8.60648866e-02,
         6.64380792e-01],
       [-1.08060501e-01,  4.39150120e-01,  4.87055450e-02,
         1.39213591e-01, -1.98629219e-01,  8.48100956e-03,
        -3.92949544e-01]])}}
Q1:
 {'0': array([[ 0.02497029,  0.03330785,  0.21336843, -0.14494702, -0.21586691,
        -0.53333721,  0.14457396],
       [ 0.0678186 ,  0.04970991,  0.33408383, -0.12419293,  0.28451337,
         0.51037674, -0.1267694 ],
       [-0.30054122,  0.06523744, -0.10463081,  0.32259994, -0.35482428,
        -0.31407045, -0.14245344],
       [ 0.35292734,  0.23444682, -0.02091417, -0.15641134,  0.33880048,
         0.07711325,  0.01586175],
       [-0.18514175, -0.06675277,  0.04565495,  0.16803469, -0.56536573,
         0.13752428,  0.2163978 ],
       [-0.01041464,  0.02382226,  0.07515458,  0.16040163,  0.64514558,
        -0.17843004,  0.10726662],
       [ 0.37488121, -0.24828411,  0.06404146,  0.14378767, -0.37857126,
         0.05559432, -0.21645632]]), '1': array([[ 0.02225737, -0.00377715,  0.20306307, -0.21594166, -0.33420022,
         0.40923667,  0.22951661],
       [ 0.00950442,  0.0501082 ,  0.34652012, -0.06043663,  0.33017421,
        -0.48313067, -0.15115849],
       [ 0.05654153, -0.28764573, -0.10862673,  0.27802508, -0.03307097,
         0.52747908,  0.00837826],
       [ 0.25285298,  0.33726703,  0.02455275, -0.1109281 ,  0.05478387,
        -0.32063517,  0.17032028],
       [-0.08168056, -0.18176378,  0.03327151,  0.09801344, -0.22335588,
         0.29000459, -0.51963338],
       [ 0.00366405, -0.01375174,  0.07336735,  0.21990103, -0.10663673,
        -0.38834375,  0.52486671],
       [-0.24074423,  0.39072777,  0.06733684,  0.08448977,  0.15939974,
         0.33309185, -0.24811326]]), '2': array([[ 0.02463516, -0.03296198,  0.20336953, -0.06204693, -0.36013364,
        -0.45135383, -0.19974611],
       [ 0.06767801, -0.01843355,  0.3270796 , -0.22266427,  0.2983938 ,
         0.38409683,  0.30587464],
       [-0.19596587, -0.20083033, -0.09388598,  0.34527451,  0.03216068,
        -0.25252656, -0.42762636],
       [ 0.41506544, -0.014728  , -0.02355213, -0.15319922,  0.03354472,
         0.02039318,  0.35685667],
       [-0.18483654, -0.03065703,  0.05833421,  0.1250411 , -0.218171  ,
         0.27792915, -0.52483047],
       [ 0.00868486, -0.02610278,  0.0743974 ,  0.25307835, -0.02700685,
        -0.17546898,  0.62429957],
       [ 0.18728337,  0.4165388 ,  0.09588442,  0.03837163,  0.17437815,
         0.02838541, -0.4120171 ]]), '3': array([[ 2.90582095e-02,  1.39887656e-02,  2.11037459e-01,
        -1.72476889e-01,  1.47581547e-01,  5.53983978e-01,
        -1.27332948e-01],
       [ 4.14191774e-02,  5.42533884e-02,  3.39697930e-01,
        -1.00214496e-01, -1.37667040e-01, -5.48822936e-01,
         2.03355974e-01],
       [-3.62806961e-02, -3.06059441e-01, -9.97796949e-02,
         3.10733451e-01, -1.21577073e-01,  3.73778481e-01,
        -3.13753894e-01],
       [ 3.42913403e-01,  2.49483532e-01,  5.06135558e-05,
        -1.43753829e-01, -1.01372894e-03, -1.32749960e-01,
         3.27549027e-01],
       [-1.28704673e-01, -1.50061168e-01,  3.80010744e-02,
         1.50489190e-01,  2.39594357e-01, -4.76291070e-02,
        -5.75833714e-01],
       [ 9.42510652e-03, -1.46221104e-02,  7.82730476e-02,
         1.66388026e-01,  9.31976513e-02,  8.60648866e-02,
         6.64380792e-01],
       [-1.08060501e-01,  4.39150120e-01,  4.87055450e-02,
         1.39213591e-01, -1.98629219e-01,  8.48100956e-03,
        -3.92949544e-01]])}
gam:
 [[[-2.12455552e-01  1.84844946e-01 -4.32541239e-01  5.08915722e-01
   -9.18832116e-01  9.91631137e-01 -6.19290789e-01  1.00801794e+02]
  [-1.32396414e-01  6.72920034e-02 -4.10671819e-01  4.91065834e-01
   -9.07215602e-01  9.96417641e-01 -6.42778260e-01  1.29770822e+02]
  [-1.56020921e-01  1.04718617e-01 -1.19587063e-02 -4.63250780e-02
    8.88891518e-02  5.52808198e-02 -1.29295042e-01  4.64863967e+01]
  [-1.76581951e-01  3.44706635e-01 -3.03455807e-01  2.33489845e-01
   -9.87096755e-03 -1.38159597e-02 -1.91568979e-01 -3.98333571e+01]
  [-1.86056663e-01  1.77851837e-01  2.26188398e-02 -4.81036990e-02
   -7.77177069e-02 -1.73978391e-01  3.31513366e-01  6.03422866e+01]
  [ 3.53555722e-02  1.81771193e-02  4.03530196e-02  9.65757352e-02
   -3.30415029e-01  2.68157316e-01 -6.40075839e-02 -1.36476872e+01]
  [ 1.03520797e-02  3.41758213e-02 -1.27642259e-01  1.28603187e-01
   -1.99768397e-01  2.35955935e-01 -1.71958879e-01  2.86816021e+01]
  [ 8.34916430e-02 -2.48112311e-02  5.08861162e-02 -7.29956581e-02
    4.86469155e-02 -3.93167996e-01  4.63383742e-01  6.01855604e+01]]

 [[-1.37234810e-01  6.50912337e-02 -2.67935400e-01  3.65323941e-01
   -6.93485451e-01  7.36822475e-01 -4.50764434e-01  7.48521756e+01]
  [-3.66445902e-01  4.39905918e-01 -9.22843214e-01  9.37851945e-01
   -1.60838220e+00  1.78925530e+00 -1.16714835e+00  2.10513112e+02]
  [-1.94749620e-01  1.66375886e-01 -9.67088671e-02  2.76056318e-02
   -2.71344733e-02  1.86473463e-01 -2.16063748e-01  5.98470064e+01]
  [-1.77273567e-01  3.45807709e-01 -3.04969274e-01  2.34810098e-01
   -1.19429154e-02 -1.14731238e-02 -1.93118493e-01 -3.95947636e+01]
  [-2.24329673e-01  2.38783636e-01 -6.11341365e-02  2.49571297e-02
   -1.92376179e-01 -4.43293822e-02  2.45765595e-01  7.35456930e+01]
  [ 6.66145247e-03  6.38590321e-02 -2.24384329e-02  1.51351049e-01
   -4.16377012e-01  3.65358036e-01 -1.28294578e-01 -3.74880232e+00]
  [-3.47337161e-02  1.05953782e-01 -2.26303679e-01  2.14669204e-01
   -3.34836644e-01  3.88683109e-01 -2.72970177e-01  4.42352802e+01]
  [ 9.21320493e-02 -3.85670213e-02  6.97939506e-02 -8.94896636e-02
    7.45318870e-02 -4.22437188e-01  4.82741915e-01  5.72047968e+01]]

 [[-1.71824701e-01  1.22969707e-01 -3.23926784e-01  4.58794445e-01
   -9.19515283e-01  9.48513739e-01 -5.47094604e-01  8.80887048e+01]
  [-2.58819388e-01  2.59816934e-01 -7.48625911e-01  6.47018285e-01
   -9.05089926e-01  1.13057751e+00 -8.67416833e-01  1.69327625e+02]
  [-1.76940417e-01  1.36576153e-01 -6.78807355e-02 -2.05192726e-02
    8.92408922e-02  7.74805571e-02 -1.66466495e-01  5.30319505e+01]
  [-1.76955531e-01  3.45275546e-01 -3.04454462e-01  2.33950684e-01
   -9.86468617e-03 -1.34195172e-02 -1.92232787e-01 -3.97164667e+01]
  [-2.06730016e-01  2.09334532e-01 -3.26452014e-02 -2.26015290e-02
   -7.73701052e-02 -1.52039860e-01  2.94779278e-01  6.68108243e+01]
  [ 1.98563033e-02  4.17803899e-02 -1.07965034e-03  1.15695274e-01
   -3.30154424e-01  2.84605117e-01 -9.15479394e-02 -8.79808186e+00]
  [-1.40012330e-02  7.12625920e-02 -1.92743573e-01  1.58644869e-01
   -1.99358920e-01  2.61799634e-01 -2.15231816e-01  3.63015715e+01]
  [ 8.81588006e-02 -3.19186751e-02  6.33623694e-02 -7.87529557e-02
    4.85684419e-02 -3.98120776e-01  4.71676725e-01  5.87252417e+01]]

 [[-1.79764582e-01  1.38176892e-01 -3.71694938e-01  4.51635612e-01
   -8.21917042e-01  8.77559898e-01 -5.51782481e-01  9.22085248e+01]
  [-2.34114431e-01  2.12499749e-01 -5.99995206e-01  6.69293009e-01
   -1.20876705e+00  1.35135053e+00 -8.52830494e-01  1.56508797e+02]
  [-1.72852432e-01  1.28746472e-01 -4.32864759e-02 -1.68334236e-02
    3.89907509e-02  1.14012369e-01 -1.64052861e-01  5.09107900e+01]
  [-1.76882528e-01  3.45135724e-01 -3.04015258e-01  2.34016506e-01
   -1.07620523e-02 -1.27671327e-02 -1.92189684e-01 -3.97543464e+01]
  [-2.02690131e-01  2.01596976e-01 -8.34032205e-03 -1.89590483e-02
   -1.27028995e-01 -1.15937887e-01  2.97164513e-01  6.47146217e+01]
  [ 2.28850944e-02  3.59793733e-02  1.71422535e-02  1.18426122e-01
   -3.67384788e-01  3.11671561e-01 -8.97596759e-02 -1.03696511e+01]
  [-9.24222814e-03  6.21477122e-02 -1.64112305e-01  1.62935730e-01
   -2.57857338e-01  3.04327936e-01 -2.12421997e-01  3.38322346e+01]
  [ 8.72467676e-02 -3.01718663e-02  5.78753688e-02 -7.95752718e-02
    5.97792920e-02 -4.06271055e-01  4.71138241e-01  5.91984744e+01]]]
covy:
 [[[2.83242564 0.         0.         0.         0.         0.
   0.         0.        ]
  [0.         2.83242564 0.         0.         0.         0.
   0.         0.        ]
  [0.         0.         2.83242564 0.         0.         0.
   0.         0.        ]
  [0.         0.         0.         2.83242564 0.         0.
   0.         0.        ]
  [0.         0.         0.         0.         2.83242564 0.
   0.         0.        ]
  [0.         0.         0.         0.         0.         2.83242564
   0.         0.        ]
  [0.         0.         0.         0.         0.         0.
   2.83242564 0.        ]
  [0.         0.         0.         0.         0.         0.
   0.         2.83242564]]

 [[2.83242564 0.         0.         0.         0.         0.
   0.         0.        ]
  [0.         2.83242564 0.         0.         0.         0.
   0.         0.        ]
  [0.         0.         2.83242564 0.         0.         0.
   0.         0.        ]
  [0.         0.         0.         2.83242564 0.         0.
   0.         0.        ]
  [0.         0.         0.         0.         2.83242564 0.
   0.         0.        ]
  [0.         0.         0.         0.         0.         2.83242564
   0.         0.        ]
  [0.         0.         0.         0.         0.         0.
   2.83242564 0.        ]
  [0.         0.         0.         0.         0.         0.
   0.         2.83242564]]

 [[2.83242564 0.         0.         0.         0.         0.
   0.         0.        ]
  [0.         2.83242564 0.         0.         0.         0.
   0.         0.        ]
  [0.         0.         2.83242564 0.         0.         0.
   0.         0.        ]
  [0.         0.         0.         2.83242564 0.         0.
   0.         0.        ]
  [0.         0.         0.         0.         2.83242564 0.
   0.         0.        ]
  [0.         0.         0.         0.         0.         2.83242564
   0.         0.        ]
  [0.         0.         0.         0.         0.         0.
   2.83242564 0.        ]
  [0.         0.         0.         0.         0.         0.
   0.         2.83242564]]

 [[2.83242564 0.         0.         0.         0.         0.
   0.         0.        ]
  [0.         2.83242564 0.         0.         0.         0.
   0.         0.        ]
  [0.         0.         2.83242564 0.         0.         0.
   0.         0.        ]
  [0.         0.         0.         2.83242564 0.         0.
   0.         0.        ]
  [0.         0.         0.         0.         2.83242564 0.
   0.         0.        ]
  [0.         0.         0.         0.         0.         2.83242564
   0.         0.        ]
  [0.         0.         0.         0.         0.         0.
   2.83242564 0.        ]
  [0.         0.         0.         0.         0.         0.
   0.         2.83242564]]]
icovy:
 [[[0.35305428 0.         0.         0.         0.         0.
   0.         0.        ]
  [0.         0.35305428 0.         0.         0.         0.
   0.         0.        ]
  [0.         0.         0.35305428 0.         0.         0.
   0.         0.        ]
  [0.         0.         0.         0.35305428 0.         0.
   0.         0.        ]
  [0.         0.         0.         0.         0.35305428 0.
   0.         0.        ]
  [0.         0.         0.         0.         0.         0.35305428
   0.         0.        ]
  [0.         0.         0.         0.         0.         0.
   0.35305428 0.        ]
  [0.         0.         0.         0.         0.         0.
   0.         0.35305428]]

 [[0.35305428 0.         0.         0.         0.         0.
   0.         0.        ]
  [0.         0.35305428 0.         0.         0.         0.
   0.         0.        ]
  [0.         0.         0.35305428 0.         0.         0.
   0.         0.        ]
  [0.         0.         0.         0.35305428 0.         0.
   0.         0.        ]
  [0.         0.         0.         0.         0.35305428 0.
   0.         0.        ]
  [0.         0.         0.         0.         0.         0.35305428
   0.         0.        ]
  [0.         0.         0.         0.         0.         0.
   0.35305428 0.        ]
  [0.         0.         0.         0.         0.         0.
   0.         0.35305428]]

 [[0.35305428 0.         0.         0.         0.         0.
   0.         0.        ]
  [0.         0.35305428 0.         0.         0.         0.
   0.         0.        ]
  [0.         0.         0.35305428 0.         0.         0.
   0.         0.        ]
  [0.         0.         0.         0.35305428 0.         0.
   0.         0.        ]
  [0.         0.         0.         0.         0.35305428 0.
   0.         0.        ]
  [0.         0.         0.         0.         0.         0.35305428
   0.         0.        ]
  [0.         0.         0.         0.         0.         0.
   0.35305428 0.        ]
  [0.         0.         0.         0.         0.         0.
   0.         0.35305428]]

 [[0.35305428 0.         0.         0.         0.         0.
   0.         0.        ]
  [0.         0.35305428 0.         0.         0.         0.
   0.         0.        ]
  [0.         0.         0.35305428 0.         0.         0.
   0.         0.        ]
  [0.         0.         0.         0.35305428 0.         0.
   0.         0.        ]
  [0.         0.         0.         0.         0.35305428 0.
   0.         0.        ]
  [0.         0.         0.         0.         0.         0.35305428
   0.         0.        ]
  [0.         0.         0.         0.         0.         0.
   0.35305428 0.        ]
  [0.         0.         0.         0.         0.         0.
   0.         0.35305428]]]
logi:
 [8.32906769 8.32906769 8.32906769 8.32906769]
x:
 [[ 7.09726160e+00  8.15726320e+00  4.92927714e+01  1.00964868e+02
   5.89373200e-01 -2.83065040e+00  1.71750080e+00]
 [ 2.44621685e+01  4.93508728e+01  4.26648707e+01  9.48749855e+01
   6.69444940e+00  1.03444208e+01 -2.62710700e-01]
 [-5.34658680e+00 -3.83004700e-01  5.14227271e+01  1.00275937e+02
  -3.97660770e+00  2.55145110e+00 -2.43598560e+00]
 [-2.90426180e+00 -4.06333800e-01  8.44321497e+01  2.27161920e+00
   4.14284958e+01  1.97065710e+00  3.85941300e-01]
 [-4.11976400e+00  2.95835500e+00  7.77920000e+01 -1.65237470e+01
   4.69801610e+01 -4.31681100e+00 -1.17843800e+01]
 [ 6.90681500e+00  5.61656300e+00  7.35600230e+01 -6.52330200e+00
   4.63955480e+01  7.01617800e+00  5.34047300e+00]
 [-3.04405670e+00  1.88220580e+01  5.35340980e+00  7.79688138e+01
  -7.31255400e-01  1.39823070e+00  1.02698610e+02]
 [ 1.19252969e+01  2.20466268e+01  4.84725200e-02  7.46611822e+01
  -2.41722160e+00 -2.20071376e+00  9.54039520e+01]
 [ 1.74258740e+00  1.58331692e+01 -2.59387100e-01  7.85307185e+01
   2.50585920e+00 -4.03803330e+00  1.01551083e+02]]
y:
 [[ 1.20693553e+01 -9.05911730e+00  4.42324548e+01  1.01809921e+02
  -1.74666090e+00  3.76124260e+00  2.19153550e+00 -3.79601500e-01]
 [-1.83829650e+01 -3.15807930e+01  5.57408130e+01  1.17810280e+02
   6.22793400e+00  1.69761050e+01  4.20953700e+00 -7.90044200e+00]
 [ 3.06351550e+01  3.82519160e+01  5.06547710e+01  9.36762120e+01
   1.24823700e+00  7.04890000e+00  9.04603100e+00 -8.56292800e+00]
 [-2.10907990e+00  4.35342920e+00  7.68839431e+01  7.49455880e+00
   4.02249941e+01  4.49192360e+00 -1.42867970e+00 -3.52598300e-01]
 [ 3.48370970e+00  5.72224880e+00  8.14501038e+01 -1.62340800e-01
   4.14469345e+01 -5.54587640e+00 -1.71276100e-01  2.10080390e+00]
 [-2.02624200e+00 -3.93424500e+00  7.59911260e+01 -2.61555100e+00
   3.63923400e+01 -2.32540000e+00  1.68980000e-02  2.07692400e+00]
 [ 7.25576400e+00 -6.25630800e+00  1.80679260e+01 -1.07728000e+00
   8.38431390e+01  1.06705000e+00 -2.85681600e+00  9.48412880e+01]
 [-7.32290100e-01  5.79513240e+00  1.55917531e+01  5.88126300e-01
   8.33849551e+01  3.44372550e+00  2.53910990e+00  1.01195936e+02]
 [-5.58368700e+00  1.00804280e+01  1.96145400e+01  3.14120800e+00
   7.84382930e+01 -5.90371700e+00  1.69168600e+00  9.50950050e+01]]
